10
13 5 1 3 
8 0 2 4 
11 15 6 10 
9 14 12 7

4 0 5 15 
8 10 7 14 
11 3 6 1 
13 9 2 12

11 12 10 9 
6 15 8 7 
13 3 14 4 
1 2 0 5 

12 13 11 10 7 0 9 8 14 4 15 5 2 3 1 6

0 2 15 14
3 10 7 8
12 11 1 5
6 9 13 4

15 9 5 2
1 0 14 11
8 10 13 12
7 4 6 3

15 2 12 4
7 0 13 9
14 5 11 3
8 1 10 6

6 8 4 2
12 14 1 10
13 15 3 9
11 0 5 7

9 7 14 1
10 8 12 0
4 2 11 6
5 13 15 3

1 4 14 6
9 7 12 11
8 5 10 3
2 15 13 0

1 13 9 15
6 5 11 14
12 10 0 2
7 4 3 8

0 5 15 13
7 14 10 1
2 12 3 9
8 4 6 11

7 8 14 3
12 0 9 10
2 4 11 13
15 1 5 6

8 2 6 14
7 15 5 11
10 1 0 3
4 13 9 12 

